x
0 1
1 0 0.0220795
2 0.000148082 0.10193
3 0 0.0312771
4 0 0.0903636
5 0 0.0578978
6 0 0.0264667
7 0 0.0758712
8 0 0.0317613
9 0 0.08415449999999999
10 0 0.045844
11 0 0.0218509
12 0 0.120872
13 0 0.09128790000000001
14 0 0.0681257
15 0 0.0374179
16 0 0.0205814
17 0 0.0364106
18 0 0.0274522
19 0 0.0359521
20 0 0.0666399
21 0 0.0158812
22 0 0.0262609
23 0 0.078152
24 0 0.0360888
25 0 0.0225298
26 0 0.0785179
27 0.00271351 0.0637721
28 0 0.0267067
29 0 0.0792789
30 0 0.08522730000000001
31 0 0.0276794
32 0.00117647 0.11028
33 0 0.08358210000000001
34 0 0.07728839999999999
35 0 0.127761
36 0 0.0484802
37 0 0.0734204
38 0 0.111831
39 0 0.0191091
40 0 0.082243
41 0 0.0576118
42 0 0.0270991
43 0 0.0404181
44 0 0.0233699
45 0 0.0707965
46 0 0.145294
47 0 0.016857
48 0 0.043554
49 0 0.128358
50 0 0.130112
51 0 0.0304199
52 0 0.0347617
53 0 0.0236932
54 0 0.171642
55 0 0.138515
56 0.000588235 0.07884720000000001
57 0 0.125234
58 0 0.0984994
59 0 0.0797909
60 0 0.028814
61 0 0.0253221
62 0 0.0885997
63 0 0.0144972
64 0 0.09792679999999999
65 0.00159787 0.0875476
66 0 0.07669570000000001
67 0 0.0309113
68 0 0.0821098
69 0 0.115285
70 0 0.0626866
71 0 0.046347
72 0 0.0550523
73 0 0.146471
74 0 0.0897391
75 0 0.038132
76 0 0.0407666
77 0 0.0232408
78 0 0.0527126
79 0 0.0547213
80 0 0.0302283
81 0 0.160909
82 0 0.0173103
83 0 0.106791
84 0 0.0276997
85 0 0.250917
86 0 0.0217458
87 0 0.0704545
88 0 0.0347044
89 0 0.07659829999999999
90 0.000546299 0.183028
91 0 0.07270310000000001
92 0 0.0244233
93 0 0.078455
94 0 0.0293029
95 0 0.0628392
96 0 0.0417592
97 0 0.0291202
98 0 0.128223
99 0 0.0343244
100 0 0.130682
